Barcode,UMAP-1,UMAP-2
AAACCTGTCTTGAGAC-1,4.668614,17.660877
AAACGGGGTTAAGACA-1,14.377065,-9.322402
AAAGATGAGTGGGATC-1,-3.5290475,-21.62012
AAAGATGGTGCACTTA-1,-3.640715,-21.034168
AAAGCAACATACAGCT-1,-1.8642064,6.4749904
AAATGCCCACGAAAGC-1,7.272929,17.500937
AACCATGGTTGACGTT-1,-5.1577334,12.062644
AACGTTGTCGGTCCGA-1,-2.0822308,6.1746325
AACTCAGAGAGCTATA-1,7.3753676,17.273518
AACTCAGCAATCAGAA-1,-21.22757,-13.113028
AACTCAGGTACCGGCT-1,5.15889,16.869654
AACTCTTCATGCCCGA-1,14.032071,-9.595634
AACTTTCGTGAACCTT-1,6.4380136,18.7446
AAGACCTTCTCTGTCG-1,3.2817001,-7.952842
AAGCCGCTCGGAGCAA-1,6.1942635,18.65051
AAGGAGCAGTCGAGTG-1,6.486377,16.689222
AAGGAGCAGTTCGCAT-1,6.1891627,19.212713
AAGGTTCGTTGGACCC-1,-4.207954,-20.435019
AAGGTTCGTTGGTAAA-1,6.887003,16.641851
AATCGGTCAAGCCTAT-1,4.5721884,4.094053
AATCGGTCACAACTGT-1,7.5596995,17.63985
ACACCAACAGTAGAGC-1,3.4335563,-7.6478176
ACACCCTGTAAGTGTA-1,16.04467,-2.0665925
ACACTGAAGAGCCCAA-1,6.6193323,19.149075
ACAGCTAGTGCCTTGG-1,4.78146,17.38336
ACATACGCACGGCGTT-1,4.986529,18.576075
ACATCAGAGAGTAATC-1,5.520355,19.098806
ACATCAGCAGGCAGTA-1,7.0343304,18.199888
ACATGGTTCCATGAGT-1,7.197397,17.03144
ACCGTAACACATGACT-1,5.5938764,16.895031
ACCTTTAAGTTACCCA-1,6.8676267,18.954273
ACGAGGACAACACCCG-1,-3.7025187,-21.085653
ACGATACAGGCCGAAT-1,4.7493615,17.92917
ACGATGTCAGCCTGTG-1,3.3649535,-7.7965937
ACGCAGCGTTCGAATC-1,7.249661,18.800404
ACGCCAGAGCGTTGCC-1,14.72536,-10.5676365
ACGCCAGCATGTAGTC-1,5.3314524,16.915943
ACGCCAGGTCCGAGTC-1,16.03475,-2.076153
ACGCCAGGTCTTGTCC-1,4.8392406,17.360737
ACGCCGAAGTTGTAGA-1,5.565002,16.925858
ACGGGTCAGATTACCC-1,13.854197,-10.162477
ACGGGTCAGTTCGATC-1,6.910844,18.70055
ACGGGTCCAATCCGAT-1,6.5185704,17.077808
ACGTCAAAGTTGAGTA-1,-4.567022,-21.520962
ACGTCAAGTCTAACGT-1,13.881788,-9.866448
ACTATCTGTCCGTCAG-1,3.485272,-7.8991523
ACTGAACAGATAGCAT-1,7.0998707,17.556845
ACTGAACAGTGTACGG-1,14.882127,-10.246857
ACTGAACCAAGTAATG-1,-2.2731957,6.7484517
ACTGAACGTTTAGCTG-1,-4.5962257,-21.494802
ACTGAGTCAATTGCTG-1,3.563041,-8.241164
ACTGAGTGTCCAGTTA-1,-3.6114728,-21.78247
ACTGATGAGGAGTCTG-1,7.08771,18.479536
ACTGATGCAGCTCCGA-1,7.3242702,18.41674
ACTGCTCCATGAGCGA-1,4.42102,4.245202
ACTTACTCACCTCGGA-1,4.900256,17.332104
ACTTACTGTGGAAAGA-1,-1.8746175,6.3995667
ACTTGTTCACCCAGTG-1,-5.3946567,12.002057
ACTTGTTCAGGATTGG-1,6.502862,16.582964
AGAATAGGTTGTGGAG-1,-5.0905566,11.602034
AGAGCGAAGAAGGTTT-1,-2.3652015,6.928895
AGAGTGGGTAATCGTC-1,7.018298,17.311972
AGATCTGGTAGCTGCC-1,5.2840843,16.800203
AGATCTGTCCACGAAT-1,14.77973,-9.626203
AGCGGTCCATGGGAAC-1,-3.499942,-21.698109
AGCGTATAGCTGGAAC-1,14.239692,-9.566324
AGCGTATGTAAGTAGT-1,14.102405,-10.407836
AGCGTATGTCCGTCAG-1,3.4932165,-7.6766453
AGCTCCTCAAGGGTCA-1,6.902078,18.181341
AGCTCTCGTGGCAAAC-1,-1.9206971,6.8296614
AGCTCTCGTGGTACAG-1,6.7310724,16.88876
AGCTTGAGTCACAAGG-1,6.6189885,16.987469
AGCTTGAGTGCGCTTG-1,4.7548685,17.972757
AGCTTGATCACAGGCC-1,5.2601285,17.07543
AGGCCACGTGTTAAGA-1,-3.1725824,-22.065317
AGGGAGTCAGTCACTA-1,14.769185,-9.811976
AGGGATGTCTAAGCCA-1,5.866779,16.869427
AGGTCATCATGGGACA-1,-20.637516,-13.176265
AGGTCATGTTGGTAAA-1,6.704503,16.762379
AGGTCCGAGACAAAGG-1,7.098356,16.973377
AGTGAGGTCAGGTTCA-1,-2.343413,6.634901
AGTGAGGTCATCACCC-1,-20.439508,-13.109759
AGTGGGAAGACTAAGT-1,5.021045,17.429245
AGTGTCATCGGAAACG-1,3.2258177,-7.94478
AGTTGGTCACCAGGTC-1,5.0658536,18.817877
AGTTGGTGTCAGGACA-1,-20.498508,-13.30099
AGTTGGTTCTTGTATC-1,-21.162449,-12.964984
ATAACGCGTCTAGTCA-1,5.487933,16.607586
ATAGACCAGCTATGCT-1,6.336459,16.602245
ATAGACCTCTATCCTA-1,6.5603733,18.827236
ATCACGAAGACTTGAA-1,7.127835,17.690302
ATCATCTTCAGAGACG-1,14.392873,-10.421114
ATCATGGCAAGGTTTC-1,14.779948,-9.700924
ATCATGGGTGTCGCTG-1,7.2498956,18.214094
ATCGAGTAGGTGATTA-1,7.530089,17.98103
ATCGAGTCAGCAGTTT-1,6.608689,16.479954
ATCGAGTCATCATCCC-1,-2.86061,6.4658356
ATCGAGTCATGCCACG-1,6.0778604,19.060452
ATCTACTCAACACGCC-1,-2.6463082,5.9078374
ATGAGGGAGCTCCTTC-1,-4.2833314,-21.271397
ATGAGGGCACGGCCAT-1,5.8083186,16.54729
ATGAGGGTCAGGATCT-1,-4.10008,-20.668404
ATGCGATAGATCCCGC-1,6.877775,18.313463
ATGTGTGAGTATCTCG-1,5.8459077,16.50309
ATGTGTGCACCATGTA-1,-20.848776,-13.090014
ATGTGTGCAGTAAGCG-1,14.933418,-9.829354
ATTCTACAGTGCCATT-1,14.33695,-10.296871
ATTGGACGTACTCAAC-1,-3.3265855,-21.939074
ATTGGTGGTTTACTCT-1,-2.2941475,6.9325533
ATTTCTGTCCGCATAA-1,-5.2383204,11.6152315
CAACCAAGTGTAACGG-1,-5.421817,11.9680195
CAAGAAATCTCAACTT-1,-1.9874843,6.548624
CAAGATCGTCTAGGTT-1,-4.7762218,-21.389553
CAAGGCCAGAAGGCCT-1,15.97536,-2.1356447
CACAAACAGCGCCTTG-1,14.44721,-9.692891
CACACAAAGATAGCAT-1,5.980405,16.682655
CACACAAAGGTGATAT-1,7.0026155,17.960844
CACAGGCGTGCAGTAG-1,7.5091767,17.817692
CACATAGGTATTCGTG-1,6.7707596,17.432941
CACATTTTCAGTACGT-1,-4.885022,-21.309546
CACCACTCATCTGGTA-1,5.211574,16.650013
CACCAGGGTTAGATGA-1,7.3603954,17.71562
CACCAGGTCGTTACGA-1,-2.322105,6.364524
CACCTTGGTAAGCACG-1,4.5528193,17.820114
CACTCCAAGTCAAGCG-1,-4.650546,-21.596907
CAGAATCGTAAGTAGT-1,5.569172,17.119425
CAGATCAGTGTGAATA-1,6.7578516,17.139915
CAGCAGCAGCGTCTAT-1,-2.0070653,5.982134
CAGCAGCTCCACGAAT-1,6.06246,16.74356
CAGCGACAGTCAATAG-1,-20.605156,-12.961962
CAGCTAAAGCAATCTC-1,14.1056385,-9.52472
CAGCTAACAATGGAAT-1,-5.2826123,11.951632
CAGCTAAGTTAAGGGC-1,14.190836,-10.042316
CAGCTAATCACTTACT-1,-2.8616526,6.150937
CAGGTGCCAGGAACGT-1,-4.228068,-20.594662
CAGGTGCTCAGAGCTT-1,-1.9545704,6.929501
CAGTAACGTCTGGTCG-1,12.798384,3.1792572
CAGTAACTCCGCGCAA-1,-2.714602,6.869597
CAGTCCTAGTTTGCGT-1,7.1366405,17.926306
CAGTCCTCATGGTAGG-1,-2.4513483,7.0452952
CATCAGATCCTGCTTG-1,6.6439447,18.750523
CATCGAAAGGCACATG-1,3.6010492,-7.577303
CATCGAAGTCTCAACA-1,6.0517364,16.404318
CATCGGGCATAGGATA-1,13.927324,-10.031583
CATCGGGTCGAGAACG-1,-2.4831827,6.506398
CATGACAAGCCACGTC-1,-4.0985293,-20.494804
CATGGCGCAAGGTGTG-1,6.1586823,16.690056
CATTATCAGGAGTACC-1,5.7419124,16.551628
CATTATCCAGTAAGAT-1,6.0918407,16.601128
CATTATCGTAGAAGGA-1,6.947462,17.183912
CATTATCTCCTCAATT-1,16.089607,-2.0218196
CATTCGCCAATAGAGT-1,6.777952,16.907303
CATTCGCCATACTCTT-1,-2.4967403,6.7135053
CCAATCCCAATGGTCT-1,14.447187,-10.4206915
CCACCTAGTGGGTATG-1,-4.056129,-20.542236
CCACGGAAGGTCATCT-1,-5.5861664,11.933238
CCACGGACAGCATACT-1,14.244238,-9.943396
CCACTACGTTGTACAC-1,7.1607537,18.178633
CCATGTCCACGACGAA-1,6.723835,18.280794
CCATTCGAGGGTCGAT-1,5.006814,17.11655
CCCAATCAGATGTCGG-1,14.631839,-10.242998
CCCAATCAGGACAGCT-1,-3.6902435,-21.850563
CCCAATCGTTCCATGA-1,-4.6355247,-21.267992
CCGGGATAGGTGACCA-1,7.0180306,17.566277
CCGGGATGTCCTCTTG-1,-2.86636,6.7073917
CCGGTAGCATTTCACT-1,6.7808666,18.508877
CCGTGGAGTAAGAGGA-1,-3.283841,-21.958757
CCGTTCAAGGGCTCTC-1,-3.5839853,-21.52396
CCGTTCATCCTTGGTC-1,-2.7046788,6.9248276
CCTAAAGAGCAGATCG-1,-5.25621,11.559421
CCTAAAGGTAGCTAAA-1,-4.201427,-20.387447
CCTACCATCGTTACGA-1,7.141845,17.108812
CCTCAGTCAACAACCT-1,12.485754,2.867038
CCTTCCCGTACTTGAC-1,7.2285686,17.333553
CCTTCGAAGACGCTTT-1,7.3254657,18.777235
CCTTCGATCTCATTCA-1,5.06554,17.017187
CGAATGTAGCCAACAG-1,6.209841,18.86124
CGACCTTTCCATGAGT-1,5.763073,19.014389
CGACTTCAGAAGATTC-1,-2.3446486,6.048095
CGAGAAGCACCTCGGA-1,3.3847058,-8.096053
CGAGCACCATCTCCCA-1,4.976931,18.215567
CGAGCCATCATCTGCC-1,7.0177193,18.402414
CGATGTAGTACTTCTT-1,-2.4311087,5.9338512
CGATGTAGTTAAGGGC-1,5.0265994,17.521578
CGATGTAGTTGCGTTA-1,6.4179115,19.00354
CGATTGAGTAAAGTCA-1,14.01166,-9.98366
CGATTGAGTTGGAGGT-1,13.953552,-9.847175
CGCGGTATCCTTTACA-1,-2.6389956,6.106485
CGCTATCTCGCTTAGA-1,14.151416,-10.51499
CGCTGGAGTGAGCGAT-1,5.16629,18.748009
CGCTGGATCCAACCAA-1,14.835872,-10.095198
CGGACGTAGCTAAACA-1,-4.251232,-21.096848
CGGACGTAGTGGGCTA-1,5.113758,18.460127
CGGAGTCTCATGTAGC-1,-2.799136,6.452837
CGGCTAGCAGGAATCG-1,5.799587,19.046713
CGGGTCATCCCGGATG-1,5.8499913,18.908995
CGGTTAAAGAGCTTCT-1,3.1677577,-7.5914946
CGTAGGCAGGTCATCT-1,14.827808,-10.085782
CGTAGGCGTTCAGTAC-1,6.679572,18.82303
CGTAGGCTCGGAGGTA-1,5.6730394,18.679695
CGTCACTAGGGCATGT-1,5.6235447,18.91985
CGTCCATTCTAACTGG-1,4.87298,17.688744
CGTGAGCGTGAGTGAC-1,5.604969,18.954264
CGTGTCTCAGGAATCG-1,15.981896,-2.1290107
CGTTAGATCGGAGCAA-1,5.236663,18.616772
CGTTCTGAGGATATAC-1,-2.6242442,6.735401
CGTTCTGAGGTGCAAC-1,-3.544672,-21.831045
CGTTCTGTCGATAGAA-1,-5.113235,11.75517
CTAATGGAGGAGTTTA-1,-2.261739,6.6732497
CTAATGGAGGGAACGG-1,-5.1164303,12.162273
CTAATGGCAGGCAGTA-1,-2.582366,6.298446
CTACACCCACCTTGTC-1,6.1253934,18.629337
CTAGAGTAGCTGTTCA-1,4.9570265,18.226086
CTAGAGTTCAGTTCGA-1,-4.651003,-21.215546
CTCACACAGGTAGCCA-1,-5.5965276,11.808057
CTCATTACACATCCGG-1,3.1873505,-7.9915905
CTCCTAGAGATGAGAG-1,6.183169,18.82232
CTCCTAGGTCGGCATC-1,5.013043,17.617212
CTCGAAAGTTCTGGTA-1,5.2328553,18.32619
CTCGAGGAGACTTTCG-1,3.701868,-7.7644243
CTCGAGGTCAAAGTAG-1,5.2503614,17.97423
CTCGGAGCACCCATGG-1,6.0122967,18.607912
CTCGGGACAACACGCC-1,5.3196373,18.228106
CTCGGGACAACGCACC-1,4.618373,4.047713
CTCGTACTCCTCTAGC-1,6.636927,17.414072
CTCTGGTCACTCGACG-1,-2.429913,6.1073537
CTCTGGTCATGTAAGA-1,-5.453586,11.936601
CTCTGGTGTCAGGACA-1,-2.8079922,6.3792253
CTGAAGTTCGCATGAT-1,5.5622835,18.584152
CTGATCCCAGACGTAG-1,14.341403,-9.523356
CTGATCCCAGCTGGCT-1,6.560885,18.058073
CTGCTGTGTGATGTCT-1,-3.7027895,-21.223057
CTGGTCTGTAGCTAAA-1,-5.3728237,11.702295
CTTAACTTCCTTTCTC-1,12.747137,3.1282074
CTTACCGAGTCGATAA-1,-4.5910006,-21.428425
CTTCTCTGTATGAATG-1,5.417853,17.215382
CTTGGCTAGGCAAAGA-1,14.292529,-10.174333
CTTGGCTGTTACCGAT-1,-2.2865572,6.75303
GAAACTCCACACATGT-1,-3.871676,-21.079494
GAAATGATCATTTGGG-1,-4.1753187,-21.236465
GAACATCAGATGTTAG-1,6.6707044,17.938986
GAACCTAAGGCCCGTT-1,-2.586381,6.454473
GAACCTAGTATATGAG-1,6.382658,18.4783
GAACCTATCATGTAGC-1,6.7701974,17.756453
GAACCTATCCTCATTA-1,14.349916,-10.350414
GAACGGACAGTAAGAT-1,5.973598,17.106184
GAAGCAGAGAAGATTC-1,15.928604,-2.1822982
GAAGCAGTCATCATTC-1,6.614991,18.18598
GAATAAGAGTGCGATG-1,6.2667346,17.247297
GAATGAACACAAGCCC-1,-20.488148,-13.320452
GACCAATTCTGGTGTA-1,3.6664839,-7.74417
GACCTGGGTCACCTAA-1,6.3034034,17.015718
GACGTGCAGAGCAATT-1,6.594058,17.554512
GACGTTAAGTTCGCAT-1,5.75647,18.516582
GACGTTACACTGAAGG-1,14.869208,-9.911276
GACGTTACAGCTATTG-1,-3.91206,-20.613596
GACGTTAGTAATTGGA-1,5.68929,18.525629
GACTACAGTGTGACCC-1,-4.1508384,-20.452076
GACTACATCGTGGACC-1,5.601281,17.28561
GACTGCGGTAAGGGAA-1,5.855203,17.379627
GAGTCCGGTAAGGGCT-1,5.153749,18.010641
GATCAGTAGACAGACC-1,-5.292811,11.80987
GATCGATAGGAATTAC-1,5.5382943,17.544966
GATCGCGAGAAGGACA-1,5.7362885,17.25806
GATCTAGAGTACGATA-1,-5.2654557,11.984306
GATGAGGCAAGTACCT-1,-2.8063645,6.226328
GATGAGGGTGAGTGAC-1,14.22915,-9.408407
GATGAGGGTTAGATGA-1,6.67244,17.716452
GATGCTACAGGTCCAC-1,6.106016,17.206852
GATGCTACATTGTGCA-1,12.716943,3.0978198
GATTCAGTCACGACTA-1,5.440647,17.807007
GATTCAGTCCTAGTGA-1,-2.0691924,6.294871
GCAATCACAGCTATTG-1,5.3254986,17.427588
GCATACAGTAGAAGGA-1,-20.566711,-13.211078
GCGACCATCCAAAGTC-1,6.3230643,18.2193
GCGAGAAGTACTCGCG-1,5.3327637,18.07275
GCGAGAATCAGCTCTC-1,3.6481576,-7.806508
GCGCAACGTTCCGGCA-1,13.939914,-9.914075
GCGCAGTGTCACTGGC-1,6.1622934,18.027384
GCGCGATAGTGAACAT-1,6.0539236,18.280394
GCTCCTATCGTTTAGG-1,14.685875,-10.267581
GCTGCGATCATGTGGT-1,-2.3767955,6.834428
GCTGCGATCGGCCGAT-1,5.747757,18.046314
GCTGCTTCAGTGGGAT-1,-3.3267853,-21.933603
GCTGGGTTCACGACTA-1,-3.7286606,-21.18094
GCTGGGTTCATGGTCA-1,6.4752574,17.76176
GCTTCCAAGTCAATAG-1,6.0119123,17.628475
GCTTCCAGTACGACCC-1,-5.330669,11.883417
GCTTGAAGTCACCCAG-1,5.533187,17.278429
GGAACTTAGCGATCCC-1,6.051807,17.379349
GGAATAAAGAGCCCAA-1,6.4825745,17.431002
GGAATAACAAGGACAC-1,5.9650517,17.265453
GGAATAATCACCTTAT-1,-4.149958,-21.180012
GGACAAGGTGTCAATC-1,6.1525736,18.197948
GGACAGAGTAAGGGAA-1,14.26149,-10.193866
GGACAGAGTATAAACG-1,-20.723202,-13.362307
GGACGTCCACGACTCG-1,14.760531,-9.941226
GGACGTCGTAAGGGCT-1,5.3892555,18.137672
GGACGTCTCAACCAAC-1,-3.7714324,-21.075811
GGACGTCTCTAACTGG-1,6.3176165,17.491905
GGAGCAACAGACACTT-1,-1.9820098,6.208065
GGAGCAAGTTCCTCCA-1,-2.3787491,5.9630637
GGATGTTTCCTTTCGG-1,-20.819065,-12.906057
GGATTACTCACGACTA-1,-2.492114,6.246047
GGCAATTCACTACAGT-1,14.6987295,-9.792808
GGCAATTTCTTCGGTC-1,5.9965653,17.721045
GGCCGATGTTTGTTGG-1,5.7298317,17.594078
GGCTCGACAGCTTAAC-1,6.2793393,17.323612
GGGACCTCATCCCATC-1,6.2693663,17.312881
GGGATGAAGTCGTTTG-1,-2.7962618,6.668023
GGGCACTAGCTAGCCC-1,-20.402563,-13.034481
GGGCACTAGTCACGCC-1,-3.8537846,-21.084776
GGGCATCGTAGTGAAT-1,5.7218843,18.007818
GGGTCTGCATCATCCC-1,-2.552286,6.218095
GGGTCTGCATGAGCGA-1,6.434383,17.555454
GGTATTGCAAGCCTAT-1,6.400235,17.690926
GGTGAAGCAGCTGCAC-1,-4.4937997,-21.284489
GGTGCGTCAGTGGAGT-1,5.985217,17.704706
GGTGTTAGTGTCGCTG-1,-4.7668014,-21.35942
GGTGTTATCAGAGACG-1,-20.869055,-13.067787
GGTGTTATCAGCTCTC-1,6.237052,17.68335
GTAACGTAGCAGGTCA-1,5.8144116,17.78806
GTAACGTCATCCGGGT-1,14.620899,-9.849389
GTAACGTCATTGGCGC-1,-21.002295,-13.1270075
GTACGTAGTTAGAACA-1,6.4776006,18.134695
GTACTTTAGCTCAACT-1,5.756467,17.917065
GTACTTTTCTGCTGTC-1,-2.2718725,6.1411996
GTAGGCCGTTACGACT-1,-2.1767182,6.4185395
GTAGTCAGTATATGGA-1,-21.078205,-13.185648
GTATTCTCAGACTCGC-1,12.4199705,2.8009331
GTCAAGTTCCGCATCT-1,14.601536,-10.217998
GTCAAGTTCTCAAACG-1,14.919656,-10.16862
GTCACGGGTAGCTAAA-1,-4.1469455,-20.465881
GTCGGGTCATGCCCGA-1,5.5622196,18.154678
GTCGGGTTCGAGAGCA-1,3.535395,-7.6411276
GTCGTAAAGGCGTACA-1,14.562529,-10.390972
GTGAAGGAGTGACTCT-1,6.454392,17.888079
GTGCAGCCAGTAAGAT-1,12.618231,2.9991345
GTGCAGCTCAGAGACG-1,-2.565806,6.8267865
GTGCGGTTCGACGGAA-1,6.1547036,17.193613
GTGGGTCCATGACGGA-1,14.72402,-9.618113
GTGGGTCCATGCTGGC-1,-3.9697366,-20.64931
GTGGGTCTCCACGCAG-1,6.4140916,17.915638
GTGTGCGTCGCCATAA-1,12.617055,2.9979782
GTGTTAGGTATGGTTC-1,14.265719,-10.005852
GTGTTAGTCTTCGGTC-1,6.018003,17.64915
GTTAAGCAGTTGAGTA-1,3.7717326,-7.9285984
GTTAAGCCACCACGTG-1,-2.602318,6.5403895
GTTAAGCCAGTAACGG-1,14.525264,-9.663715
GTTAAGCTCGCCGTGA-1,12.739586,3.1206045
GTTCATTTCGCTAGCG-1,12.466934,2.8480475
GTTCGGGGTGACTACT-1,-5.5153923,11.777724
GTTCTCGTCTACCAGA-1,-3.3771567,-21.848875
GTTTCTAGTGCACCAC-1,6.329217,18.273472
TAAACCGCACCGAATT-1,-2.16747,5.9755025
TACACGACACGGATAG-1,6.1881804,18.066877
TACCTATTCACATACG-1,5.885518,17.978634
TACGGGCAGGACACCA-1,14.205339,-9.876151
TACGGTAGTTTGGCGC-1,5.8931055,17.493898
TACTCATAGTGAAGAG-1,-2.1094985,6.631844
TACTCATTCATCGGAT-1,5.4921355,17.437664
TACTCATTCTGCCAGG-1,-2.7804909,6.37097
TACTCGCCAGGTGGAT-1,-4.665691,-21.403599
TACTCGCTCATGTCTT-1,3.595728,-7.7529325
TACTTACAGTTCGCGC-1,-4.258738,-20.60539
TACTTACCAAAGGTGC-1,3.7525039,-7.8362875
TACTTGTAGGTAAACT-1,4.5055137,4.1603165
TATCTCACACCATCCT-1,-2.114506,6.62285
TATGCCCAGGTGCTTT-1,14.422681,-9.840087
TATGCCCAGTAGGTGC-1,3.4777696,-8.144865
TATGCCCCAATAGCGG-1,5.4304404,18.144049
TATGCCCGTCCGAAGA-1,5.2822747,17.87408
TCAACGATCCGTACAA-1,-4.7021723,-21.148382
TCAATCTTCCCAGGTG-1,4.6152434,4.05095
TCACAAGAGATTACCC-1,-4.159074,-21.069971
TCAGATGCATACGCCG-1,-20.492502,-13.134589
TCAGCAAGTAGGGACT-1,-20.88088,-13.241473
TCAGCAATCTGATACG-1,14.238836,-9.701735
TCAGCTCAGGCCCTTG-1,3.588962,-8.08371
TCAGCTCAGTATCTCG-1,6.384681,17.983095
TCATTACAGCTGATAA-1,3.5427134,-7.9028444
TCATTACGTTCCACTC-1,-2.8774126,6.5950522
TCATTACTCTAACGGT-1,5.9194613,17.853552
TCATTTGTCCGTTGCT-1,5.7493153,18.306404
TCCCGATCATGCCTTC-1,-5.252581,11.822254
TCGAGGCCAATAGAGT-1,12.646073,3.0271673
TCGAGGCTCAACGGGA-1,6.09696,17.668552
TCGAGGCTCTCTGTCG-1,-2.2441611,6.505485
TCGCGAGAGTGAAGAG-1,14.143403,-9.830581
TCGCGAGTCGACAGCC-1,6.278011,17.638603
TCGCGTTAGACTACAA-1,-4.7066708,-21.503399
TCGCGTTCACTTGGAT-1,14.625416,-9.924608
TCGGTAACATTGGGCC-1,3.490668,-7.9975295
TCTCTAAGTCTCCACT-1,5.9199777,18.1719
TCTCTAATCTACTCAT-1,-4.576438,-21.384989
TCTGAGACAAGCCGCT-1,-4.8299675,-21.189121
TCTGGAATCCGTTGCT-1,6.0517807,18.007887
TGACAACAGTGTTTGC-1,14.498042,-10.280567
TGACTTTAGCCTATGT-1,-3.9545395,-20.641445
TGAGCATGTCAGCTAT-1,4.5656357,4.100477
TGAGCCGTCTCTGTCG-1,3.7261477,-8.013169
TGAGGGAAGAGTAATC-1,12.578057,2.9590318
TGCACCTAGCCGATTT-1,6.099688,17.784319
TGCACCTGTCGCCATG-1,5.628448,17.762829
TGCACCTTCACCTTAT-1,14.477027,-9.925433
TGCACCTTCAGATAAG-1,6.214109,17.838312
TGCCAAACACTGTTAG-1,6.035882,17.15196
TGCCAAAGTGCCTTGG-1,6.108256,18.348747
TGCCCATCAGACTCGC-1,-2.469717,6.61659
TGCCCTAAGGCTCATT-1,6.1250086,17.40139
TGCCCTATCCAATGGT-1,-2.4329123,6.12257
TGCGCAGGTAGGGACT-1,5.588021,17.930918
TGCGCAGGTGAAGGCT-1,15.932069,-2.1789563
TGCGGGTCAAGCTGTT-1,-3.339039,-21.900524
TGCGGGTCAAGTTGTC-1,6.320307,18.381922
TGGACGCTCCCGGATG-1,5.4588714,17.741812
TGGCCAGCACTGTGTA-1,-21.100601,-13.032448
TGGGAAGCAAGCCATT-1,6.009055,17.97384
TGGGCGTTCAAAGACA-1,6.225621,18.08183
TGGGCGTTCATATCGG-1,5.7290382,18.403816
TGTATTCGTAAGTTCC-1,-2.2072566,6.1509643
TGTATTCTCTGACCTC-1,5.9418488,17.378502
TGTGTTTAGCTGAAAT-1,5.3787937,17.745058
TGTGTTTTCGGAGGTA-1,5.5021315,18.019463
TGTTCCGGTATAAACG-1,14.147993,-10.110973
TGTTCCGGTGACTCAT-1,14.168064,-9.798791
TGTTCCGTCGGCCGAT-1,14.498535,-9.5761595
TTAACTCGTACAGTTC-1,5.7513003,17.289227
TTAGGACGTAACGACG-1,5.544614,17.68594
TTAGGCAGTTAAGAAC-1,5.749407,17.560211
TTAGTTCAGCCAGAAC-1,14.5517645,-9.582514
TTAGTTCCATCGATGT-1,6.0885944,17.9754
TTAGTTCTCATGTGGT-1,-5.3862844,11.795318
TTCGAAGTCCGGCACA-1,-20.945831,-13.196343
TTCGGTCCAAAGGCGT-1,5.9866424,18.342133
TTCTCAACAGATTGCT-1,12.501018,2.882131
TTCTCCTGTCTAGGTT-1,-2.7152805,6.3174014
TTGACTTCAAGCTGAG-1,-2.5783386,6.4853277
TTTATGCAGCTAGTTC-1,5.8407845,17.7593
TTTATGCCATGGAATA-1,5.8169575,17.56572
TTTCCTCGTCTAAAGA-1,3.5824938,-7.617514
TTTGGTTAGCTGGAAC-1,5.300482,17.650082
TTTGTCACACGAGAGT-1,5.58055,17.212639
TTTGTCAGTCGCGGTT-1,6.4870653,17.702188
TTTGTCATCAGTTTGG-1,4.6453714,4.0205793
